23583 201910  2.514 -158.6145   59.2840 -9999.0 -9999.0 -9999.0 -9999.0 -9999.0 -9999.0 U -9999.0 -9999.0 -9999.0
23583 201911  2.514 -158.6145   59.2840     1.2    -3.7    -1.3    -1.0   179.1     0.6 C     0.6    -5.4    -2.0
23583 201912  2.514 -158.6145   59.2840    -5.6   -11.7    -8.6    -8.5    92.6     0.5 C    -7.1   -13.8   -10.1
23583 202001  2.514 -158.6145   59.2840   -14.1   -21.6   -17.8   -17.5    10.5     1.4 C   -16.3   -27.4   -21.4
23583 202002  2.514 -158.6145   59.2840    -6.1   -14.6   -10.3    -9.9   173.5     3.2 C    -7.4   -18.5   -12.2
23583 202003  2.514 -158.6145   59.2840    -1.1   -12.0    -6.6    -6.1    51.2     8.5 C    -3.6   -16.6    -9.4
23583 202004  2.514 -158.6145   59.2840     6.1    -1.3     2.4     2.4    85.2    11.3 C     4.9    -3.8     0.2
23583 202005  2.514 -158.6145   59.2840    13.7     3.0     8.4     8.5    53.9    14.1 C    21.4     0.7     9.0
23583 202006  2.514 -158.6145   59.2840    16.1     6.2    11.1    11.3    44.6    16.0 C    25.7     4.0    12.9
23583 202007  2.514 -158.6145   59.2840    19.1     9.8    14.5    14.6   121.4    15.1 C    27.9     8.3    16.5
23583 202008  2.514 -158.6145   59.2840    18.3     7.9    13.1    13.2   122.9    13.0 C    26.2     5.7    14.2
23583 202009  2.514 -158.6145   59.2840    12.9     4.4     8.7     8.7   124.7     8.1 C    17.9     2.4     8.6
23583 202010  2.514 -158.6145   59.2840     6.6     0.4     3.5     3.5   131.3     3.4 C     8.8    -0.9     2.9
23583 202011  2.514 -158.6145   59.2840     0.8    -5.6    -2.4    -2.3   181.1     1.2 C    -0.4    -7.8    -3.9
23583 202012  2.514 -158.6145   59.2840    -4.0   -10.1    -7.1    -6.8   157.0     0.3 C    -5.4   -14.3    -9.1
23583 202101  2.514 -158.6145   59.2840    -3.8    -9.8    -6.8    -6.6   117.6     0.9 C    -5.8   -14.0    -9.1
23583 202102  2.514 -158.6145   59.2840    -4.4   -11.6    -8.0    -7.7    67.4     2.9 C    -5.7   -15.0    -9.6
23583 202103  2.514 -158.6145   59.2840    -3.0   -14.6    -8.8    -8.0 -9999.0     8.1 C    -4.5   -20.2   -11.3
23583 202104  2.514 -158.6145   59.2840     4.3    -3.4     0.4     0.7 -9999.0    12.8 C     0.3    -6.9    -2.9
23583 202105  2.514 -158.6145   59.2840    12.6     1.6     7.1     7.3 -9999.0    15.9 C    20.3    -0.1     8.5
23583 202106  2.514 -158.6145   59.2840    15.1     6.6    10.8    10.8    95.9    14.3 C    23.4     5.2    12.6
23583 202107  2.514 -158.6145   59.2840    17.4     9.9    13.7    13.6   104.4    14.4 C    23.8     9.1    15.0
23583 202108  2.514 -158.6145   59.2840    16.0     7.6    11.8    11.9    44.5    14.3 C    23.0     5.8    13.1
23583 202109  2.514 -158.6145   59.2840    11.3     2.7     7.0     7.1   102.1    10.8 C    15.8     1.1     6.9
23583 202110  2.514 -158.6145   59.2840     4.3    -2.0     1.2     1.4   150.0     5.4 C     5.7    -4.1     0.3
23583 202111  2.514 -158.6145   59.2840   -10.3   -18.7   -14.5   -14.4     7.5     2.9 C   -14.2   -26.2   -20.2
23583 202112  2.514 -158.6145   59.2840    -4.3   -12.0    -8.1    -7.5   154.1     0.7 C    -7.1   -17.6   -11.0
23583 202201  2.514 -158.6145   59.2840    -7.0   -13.7   -10.4   -10.3   109.7     1.5 C    -9.9   -18.3   -13.5
23583 202202  2.514 -158.6145   59.2840    -2.2    -7.8    -5.0    -5.1 -9999.0     3.5 C    -3.8   -10.9    -6.9
23583 202203  2.514 -158.6145   59.2840    -0.3    -6.6    -3.4    -3.3 -9999.0     9.3 C    -2.4    -9.9    -5.9
23583 202204  2.514 -158.6145   59.2840     4.4    -2.3     1.1     1.2 -9999.0    18.2 C     0.2    -5.4    -2.2
23583 202205  2.514 -158.6145   59.2840    13.6     1.7     7.6     8.2 -9999.0    22.7 C    21.1    -0.8     8.5
23583 202206  2.514 -158.6145   59.2840    19.7     7.5    13.6    14.1 -9999.0    20.2 C    25.6     5.6    15.2
23583 202207  2.514 -158.6145   59.2840    16.8     9.1    13.0    13.0 -9999.0    14.6 C    21.7     8.1    14.0
23583 202208  2.514 -158.6145   59.2840    15.6     9.2    12.4    12.2   105.8    12.1 C    22.2     7.8    13.3
23583 202209  2.514 -158.6145   59.2840    12.3     5.1     8.7     8.8   192.9     9.5 C    17.5     3.0     9.0
23583 202210  2.514 -158.6145   59.2840     6.0    -1.2     2.4     2.4   119.2     3.8 C     7.1    -2.8     1.3
23583 202211  2.514 -158.6145   59.2840    -0.3    -7.2    -3.7    -3.3   144.0     1.8 C    -3.2   -11.7    -6.7
23583 202212  2.514 -158.6145   59.2840    -5.3   -12.0    -8.6    -8.6    89.6     0.7 C    -7.4   -15.5   -11.1
23583 202301  2.514 -158.6145   59.2840    -3.7    -9.3    -6.5    -6.1   124.3     0.6 C    -4.6   -13.4    -7.6
23583 202302  2.514 -158.6145   59.2840    -5.3   -15.0   -10.2    -9.5   107.3     3.6 C    -6.8   -19.5   -12.2
23583 202303  2.514 -158.6145   59.2840    -0.7   -10.3    -5.5    -5.1    31.8     9.1 C    -2.8   -15.6    -8.4
23583 202304  2.514 -158.6145   59.2840     0.9    -8.1    -3.6    -3.1    38.3    16.1 C    -0.9   -12.1    -6.0
23583 202305  2.514 -158.6145   59.2840     8.5     2.1     5.3     5.3   173.3    13.4 C    10.6     0.2     4.6
23583 202306  2.514 -158.6145   59.2840    13.7     7.2    10.5    10.4   174.4    11.9 C    19.9     6.5    11.7
23583 202307  2.514 -158.6145   59.2840 -9999.0 -9999.0 -9999.0 -9999.0 -9999.0 -9999.0 U -9999.0 -9999.0 -9999.0
