25630 200908  2.302 -160.4660   55.3473 -9999.0 -9999.0 -9999.0 -9999.0 -9999.0 -9999.0 U -9999.0 -9999.0 -9999.0
25630 200909  2.302 -160.4660   55.3473    11.4     6.5     8.9     8.9    98.9     9.1 R    17.3     5.1     9.4
25630 200910  2.302 -160.4660   55.3473     8.0     4.4     6.2     6.0   114.3     4.9 R    11.4     2.7     5.5
25630 200911  2.302 -160.4660   55.3473     2.2    -2.2     0.0     0.0    98.8     2.3 R     1.6    -4.7    -1.3
25630 200912  2.302 -160.4660   55.3473     3.7     0.3     2.0     2.0   201.0     0.9 R     3.2    -1.0     1.2
25630 201001  2.302 -160.4660   55.3473     1.5    -1.8    -0.2    -0.1    90.6     2.2 R     2.2    -2.2    -0.3
25630 201002  2.302 -160.4660   55.3473     0.5    -3.3    -1.4    -1.3    43.6     4.8 R     2.5    -3.6    -1.1
25630 201003  2.302 -160.4660   55.3473    -1.1    -7.6    -4.4    -4.3    39.7    10.6 R     1.9    -8.0    -3.7
25630 201004  2.302 -160.4660   55.3473     2.5    -2.7    -0.1    -0.2    62.3    14.1 R     6.0    -3.1     0.5
25630 201005  2.302 -160.4660   55.3473     6.7     1.2     4.0     3.7    75.7    16.1 R    11.2     1.0     5.0
25630 201006  2.302 -160.4660   55.3473     9.0     4.7     6.8     6.5    82.3    13.1 R    12.8     4.6     7.5
25630 201007  2.302 -160.4660   55.3473    11.5     7.1     9.3     8.9    67.3    10.5 R    14.7     7.0     9.8
25630 201008  2.404 -160.4660   55.3473    13.2     8.3    10.7    10.3   147.1    10.3 R    16.9     8.1    11.2
25630 201009  2.404 -160.4660   55.3473    11.6     7.3     9.4     9.3    81.5     7.1 R    14.1     7.1     9.7
25630 201010  2.404 -160.4660   55.3473     6.9     1.9     4.4     4.3    94.9     6.0 R     9.1     1.4     4.3
25630 201011  2.404 -160.4660   55.3473     4.0     0.3     2.1     2.1    98.8     2.7 R     5.2    -0.1     1.9
25630 201012  2.404 -160.4660   55.3473     0.4    -3.5    -1.5    -1.6    71.6     1.5 R     0.4    -3.9    -1.9
25630 201101  2.404 -160.4660   55.3473     2.4    -1.1     0.6     0.8   185.0     1.6 R     3.0    -1.5     0.7
25630 201102  2.404 -160.4660   55.3473     1.9    -2.5    -0.3    -0.3    88.8     4.2 R     2.9    -2.8    -0.3
25630 201103  2.404 -160.4660   55.3473     2.4    -2.2     0.1     0.0    28.6    10.8 R     6.0    -2.6     0.7
25630 201104  2.404 -160.4660   55.3473     3.0    -1.6     0.7     0.7   114.9    12.6 R     5.6    -1.8     1.3
25630 201105  2.404 -160.4660   55.3473     7.1     2.7     4.9     4.5   111.8    12.6 R     9.9     2.5     5.3
25630 201106  2.404 -160.4660   55.3473     9.2     5.2     7.2     6.7   114.0     9.5 R    11.4     5.2     7.3
25630 201107  2.404 -160.4660   55.3473    12.3     7.1     9.7     9.4   113.9    12.1 R    15.3     7.2    10.5
25630 201108  2.404 -160.4660   55.3473    14.1     7.9    11.0    10.6    51.0    11.9 R    17.5     7.8    11.7
25630 201109  2.404 -160.4660   55.3473    10.9     5.8     8.3     8.1    58.2     7.4 R    13.7     5.7     8.7
25630 201110  2.404 -160.4660   55.3473     7.8     3.0     5.4     5.3   112.7     4.8 R    10.0     2.4     5.3
25630 201111  2.404 -160.4660   55.3473     3.4    -1.8     0.8     0.9   133.9     2.1 R     3.7    -3.4    -0.1
25630 201112  2.404 -160.4660   55.3473     1.3    -2.7    -0.7    -0.5   164.8     1.1 R     2.0    -3.7    -0.7
25630 201201  2.404 -160.4660   55.3473    -3.6    -8.7    -6.2    -6.0    37.6     2.0 R    -3.2   -10.4    -6.7
25630 201202  2.404 -160.4660   55.3473     0.9    -3.5    -1.3    -1.2   139.6     3.1 R     2.1    -3.9    -1.0
25630 201203  2.404 -160.4660   55.3473    -4.1    -8.5    -6.3    -6.2    31.7    10.2 R    -1.5    -9.2    -5.7
25630 201204  2.404 -160.4660   55.3473     3.1    -1.5     0.8     0.6    31.8    14.1 R     8.4    -2.4     1.6
25630 201205  2.404 -160.4660   55.3473     5.7    -0.2     2.8     2.5    31.3    15.4 R    14.1    -0.9     4.4
25630 201206  2.414 -160.4660   55.3473    10.8     3.9     7.3     7.0    29.1    18.7 R    18.4     3.3     9.0
25630 201207  2.414 -160.4660   55.3473    12.1     6.7     9.4     9.0    60.3    14.6 C    16.0     6.5    10.3
25630 201208  2.414 -160.4660   55.3473    12.8     7.7    10.3    10.0    80.9    12.8 C    16.1     7.3    11.0
25630 201209  2.414 -160.4660   55.3473    10.1     4.8     7.4     7.4   112.5     8.1 C    12.4     4.1     7.7
25630 201210  2.414 -160.4660   55.3473     6.3     2.8     4.6     4.6    66.4     4.6 C     7.7     2.0     4.3
25630 201211  2.414 -160.4660   55.3473     2.1    -1.8     0.2     0.2    96.2     2.9 C     2.6    -2.9    -0.4
25630 201212  2.414 -160.4660   55.3473     0.5    -4.1    -1.8    -1.7    88.0     1.2 C     0.1    -5.0    -2.4
25630 201301  2.414 -160.4660   55.3473     2.5    -1.0     0.8     0.9   163.8     1.5 C     2.8    -1.5     0.6
25630 201302  2.414 -160.4660   55.3473     0.9    -3.9    -1.5    -1.5    84.8     4.0 C     1.2    -5.2    -1.9
25630 201303  2.414 -160.4660   55.3473     1.6    -3.1    -0.8    -0.7    65.8    10.1 C     2.7    -4.6    -1.3
25630 201304  2.414 -160.4660   55.3473     2.8    -1.6     0.6     0.4    51.9    14.5 C     9.1    -2.8     1.6
25630 201305  2.414 -160.4660   55.3473     5.9     1.3     3.6     3.3    60.1    15.4 C    13.4     0.5     5.3
25630 201306  2.424 -160.4660   55.3473    11.2     5.7     8.4     8.0    70.5    18.1 C    18.9     5.2    10.4
25630 201307  2.424 -160.4660   55.3473    13.5     8.7    11.1    10.6    40.3    12.1 C    17.3     8.2    11.4
25630 201308  2.424 -160.4660   55.3473    14.1     9.2    11.7    11.3   126.9    10.2 C    17.4     8.1    11.7
25630 201309  2.424 -160.4660   55.3473    11.5     6.5     9.0     8.8   143.6     7.7 C    14.9     5.0     8.7
25630 201310  2.424 -160.4660   55.3473     8.5     4.4     6.5     6.6   222.0     3.3 C    10.1     2.6     6.0
25630 201311  2.424 -160.4660   55.3473     5.5     0.9     3.2     3.2   104.6     2.4 C     5.4    -2.0     1.6
25630 201312  2.424 -160.4660   55.3473     4.0     0.7     2.4     2.3   176.0     0.9 C     3.7    -0.9     1.4
25630 201401  2.424 -160.4660   55.3473     4.4     0.9     2.7     2.9   195.3     1.2 C     3.5    -1.2     1.5
25630 201402  2.424 -160.4660   55.3473     2.2    -1.5     0.4 -9999.0   161.3     4.1 C     2.9    -5.5    -1.7
25630 201403  2.424 -160.4660   55.3473     2.4    -1.7     0.3     0.3    54.4     7.5 C     6.2    -3.9     0.1
25630 201404  2.424 -160.4660   55.3473     5.7     0.6     3.1     2.9    97.4    12.6 C    15.1    -1.9     4.3
25630 201405  2.424 -160.4660   55.3473    11.1     3.9     7.5     7.1    32.0    20.9 C    23.4     1.1     9.9
25630 201406  2.424 -160.4660   55.3473    12.2     5.9     9.0     8.7    39.6    19.5 C    17.9     4.1     9.7
25630 201407  2.424 -160.4660   55.3473    14.7     9.4    12.1    11.7    26.2    15.4 C    19.1     7.5    12.2
25630 201408  2.424 -160.4660   55.3473    16.0    10.3    13.2    13.0    76.3    12.7 C    20.4     8.4    13.3
25630 201409  2.424 -160.4660   55.3473    13.5     8.7    11.1    10.9   153.2    10.2 C    17.1     7.0    10.8
25630 201410  2.424 -160.4660   55.3473     6.9     2.4     4.7     4.7    53.3     5.5 C    10.3    -0.1     3.9
25630 201411  2.424 -160.4660   55.3473     5.9     2.1     4.0     4.2   181.0     2.1 C     6.5    -0.1     3.0
25630 201412  2.424 -160.4660   55.3473     4.4     1.0     2.7     2.9   167.9     1.4 C     4.0    -1.2     1.4
25630 201501  2.424 -160.4660   55.3473     3.6    -0.1     1.8     1.8    68.8     2.0 C     3.5    -1.7     0.7
25630 201502  2.424 -160.4660   55.3473     4.6     0.3     2.5     2.7    95.6     3.8 C     6.0    -1.6     1.9
25630 201503  2.424 -160.4660   55.3473     3.7    -0.3     1.7     1.7   136.7     7.1 C     7.5    -2.0     1.6
25630 201504  2.424 -160.4660   55.3473     5.1    -0.7     2.2     2.0    65.1    14.2 C    11.8    -2.3     2.8
25630 201505  2.424 -160.4660   55.3473     7.9     4.2     6.1     5.8   193.4    10.8 C    14.2     3.4     7.1
25630 201506  2.424 -160.4660   55.3473    14.2     7.1    10.6    10.3    23.1    19.2 C    19.9     6.2    11.8
25630 201507  2.424 -160.4660   55.3473    13.6     8.6    11.1    10.7    71.5    13.2 C    18.2     7.9    11.6
25630 201508  2.424 -160.4660   55.3473    15.3     9.3    12.3    12.1    68.4    14.9 C    20.0     8.8    13.1
25630 201509  2.424 -160.4660   55.3473    12.3     6.7     9.5     9.3   107.9     9.6 C    15.3     6.3     9.7
25630 201510  2.424 -160.4660   55.3473     9.5     4.8     7.1     7.1   102.6     5.2 C    11.6     4.1     7.0
25630 201511  2.424 -160.4660   55.3473     5.6     1.2     3.4     3.5   153.6     2.8 C     6.1     0.4     3.0
25630 201512  2.424 -160.4660   55.3473     3.9     0.4     2.2     2.2   220.8     1.7 C     3.9    -0.2     1.7
25630 201601  2.424 -160.4660   55.3473     4.0     0.8     2.4     2.7   143.5     2.2 C     4.7     0.2     2.2
25630 201602  2.424 -160.4660   55.3473     4.2     0.8     2.5     2.5    81.0     4.3 C     5.6     0.1     2.2
25630 201603  2.424 -160.4660   55.3473     4.0    -0.9     1.6     1.6    42.1     9.9 C     8.0    -1.7     2.0
25630 201604  2.424 -160.4660   55.3473     6.7     2.3     4.5     4.4    58.5    11.3 C    10.0     1.6     4.7
25630 201605  2.424 -160.4660   55.3473     9.2     4.3     6.8     6.5    46.5    15.0 C    13.6     3.8     7.5
25630 201606  2.424 -160.4660   55.3473    13.2     7.2    10.2     9.9    34.6    17.6 C    17.9     6.9    11.3
25630 201607  2.424 -160.4660   55.3473    16.2    10.0    13.1    12.7    35.5    15.7 C    20.2     9.8    13.8
25630 201608  2.424 -160.4660   55.3473    16.0    11.1    13.5    13.2    70.9    12.7 C    19.7    10.8    14.0
25630 201609  2.424 -160.4660   55.3473    14.1     8.1    11.1    10.8    59.4     9.7 C    16.9     7.6    11.2
25630 201610  2.424 -160.4660   55.3473    10.1     5.5     7.8     7.8    73.4     5.2 C    12.0     4.5     7.6
25630 201611  2.424 -160.4660   55.3473     5.0     0.8     2.9     3.0    75.4     2.9 C     5.6    -0.5     2.2
25630 201612  2.424 -160.4660   55.3473     3.3    -0.7     1.3     1.5   100.9     1.9 C     3.2    -1.7     0.7
25630 201701  2.424 -160.4660   55.3473     1.4    -3.1    -0.9    -0.8    72.0     2.9 C     2.0    -4.9    -1.9
25630 201702  2.424 -160.4660   55.3473     0.2    -4.0    -1.9    -1.8    45.4     5.3 C     1.9    -5.4    -2.2
25630 201703  2.424 -160.4660   55.3473     1.0    -4.4    -1.7    -1.8    21.2    13.1 C     6.7    -6.2    -1.3
25630 201704  2.424 -160.4660   55.3473     4.6     0.4     2.5     2.2    36.2    12.7 C     9.3    -0.5     2.9
25630 201705  2.424 -160.4660   55.3473     8.5     2.7     5.6     5.3   113.9    17.2 C    15.0     1.7     6.8
25630 201706  2.424 -160.4660   55.3473    11.8     5.8     8.8     8.5    65.5    18.5 C    16.9     5.0     9.9
25630 201707  2.424 -160.4660   55.3473    15.1     9.0    12.0    11.7    27.1    16.4 C    19.9     7.6    12.6
25630 201708  2.424 -160.4660   55.3473    13.3     8.9    11.1    10.9   144.7     9.5 C    16.1     8.1    11.0
25630 201709  2.424 -160.4660   55.3473    11.5     6.8     9.1     8.9   146.2     7.4 C    15.5     5.2     9.0
25630 201710  2.424 -160.4660   55.3473     8.7     3.9     6.3     6.2   180.6     4.7 C    10.9     1.6     5.3
25630 201711  2.424 -160.4660   55.3473     6.4     2.3     4.3     4.2    92.7     2.4 C     6.9    -0.1     2.8
25630 201712  2.424 -160.4660   55.3473     4.3     0.6     2.4     2.6   204.8     0.9 C     3.5    -2.1     0.9
25630 201801  2.424 -160.4660   55.3473     1.5    -2.2    -0.4    -0.2    75.6     2.4 C     0.9    -4.2    -1.7
25630 201802  2.424 -160.4660   55.3473     4.1     0.5     2.3     2.4   119.0     3.0 C     5.6    -1.4     1.6
25630 201803  2.424 -160.4660   55.3473     4.3    -0.6     1.8     1.7    73.2     7.7 C     8.5    -2.7     1.5
25630 201804  2.424 -160.4660   55.3473     6.3     0.7     3.5     3.3   128.8    11.3 C    14.1    -0.9     4.5
25630 201805  2.424 -160.4660   55.3473     7.7     2.7     5.2     4.7   102.1    12.4 C    15.3     1.7     6.1
25630 201806  2.424 -160.4660   55.3473    10.8     5.8     8.3     8.0    65.1    14.2 C    17.1     4.9     9.6
25630 201807  2.424 -160.4660   55.3473    12.7     8.4    10.6    10.2   103.2    11.1 C    16.2     7.7    10.9
25630 201808  2.424 -160.4660   55.3473    14.1     8.9    11.5    11.2   160.5    11.1 C    17.4     8.0    11.6
25630 201809  2.424 -160.4660   55.3473    14.2     8.0    11.1    10.8   108.4    10.3 C    17.8     6.2    11.0
25630 201810  2.424 -160.4660   55.3473     9.7     5.4     7.6     7.3   131.0     5.0 C    12.1     3.5     6.6
25630 201811  2.424 -160.4660   55.3473     6.5     2.9     4.7     4.9   204.7     2.0 C     7.1     0.6     3.7
25630 201812  2.424 -160.4660   55.3473     2.3    -2.1     0.1     0.2   151.5     1.4 C     1.4    -4.5    -1.4
25630 201901  2.424 -160.4660   55.3473     3.7    -0.1     1.8     2.0   107.4     1.7 C     3.3    -2.1     0.7
25630 201902  2.424 -160.4660   55.3473     4.8     1.1     2.9     3.1   156.2     3.1 C     5.9    -0.2     2.6
25630 201903  2.424 -160.4660   55.3473     4.8     0.3     2.6     2.4   119.6     8.5 C     9.0    -1.1     2.6
25630 201904  2.424 -160.4660   55.3473     5.4     0.9     3.1     3.0    65.1    11.8 C    10.7    -0.4     3.8
25630 201905  2.424 -160.4660   55.3473     8.8     3.5     6.1     5.8    90.7    14.5 C    14.6     2.5     7.0
25630 201906  2.424 -160.4660   55.3473    12.7     7.4    10.1     9.6    67.0    17.5 C    17.5     6.7    11.0
25630 201907  2.424 -160.4660   55.3473    15.1     9.5    12.3    12.0    29.8    15.2 C    18.9     8.9    12.9
25630 201908  2.424 -160.4660   55.3473    17.1    10.7    13.9    13.5    42.0    15.4 C    21.3     9.6    14.3
25630 201909  2.424 -160.4660   55.3473    13.1     8.0    10.6    10.4   185.1     6.9 C    15.2     7.3    10.4
25630 201910  2.424 -160.4660   55.3473     9.5     4.8     7.2     7.3   254.3     4.1 C    10.9     3.5     6.9
25630 201911  2.424 -160.4660   55.3473     7.0     3.6     5.3     5.4   206.1     1.6 C     7.1     2.4     4.7
25630 201912  2.424 -160.4660   55.3473     2.4    -1.3     0.6     0.7   111.0     1.2 C     2.3    -2.5    -0.3
25630 202001  2.424 -160.4660   55.3473    -2.4    -6.3    -4.3    -4.2    39.3     2.4 C    -4.3   -10.5    -7.4
25630 202002  2.424 -160.4660   55.3473     2.3    -2.2     0.1     0.2   103.2     3.4 C     3.1    -3.5    -0.4
25630 202003  2.424 -160.4660   55.3473     3.4    -2.3     0.5     0.4    51.5     8.9 C     6.9    -3.1     0.8
25630 202004  2.424 -160.4660   55.3473     6.0     0.8     3.4     3.1    98.4    11.5 C    11.1     0.2     4.2
25630 202005  2.424 -160.4660   55.3473     8.7     3.7     6.2     5.9    75.8    13.2 C    13.7     3.3     7.1
25630 202006  2.424 -160.4660   55.3473    11.5     6.3     8.9     8.6    80.9    13.3 C    15.5     5.9     9.5
25630 202007  2.424 -160.4660   55.3473    14.5     9.0    11.7    11.4    52.9    14.3 C    18.2     8.6    12.3
25630 202008  2.424 -160.4660   55.3473    14.6     9.2    11.9    11.5    78.5    12.7 C    17.8     8.7    12.2
25630 202009  2.424 -160.4660   55.3473    12.0     6.2     9.1     9.0   109.9     9.4 C    15.0     5.3     9.1
25630 202010  2.424 -160.4660   55.3473     8.9     3.7     6.3     6.1   127.6     5.5 C    11.5     2.4     5.9
25630 202011  2.424 -160.4660   55.3473     5.0     0.6     2.8     3.0   273.1     2.1 C     5.5    -0.8     2.1
25630 202012  2.424 -160.4660   55.3473     2.3    -1.2     0.6     0.7    86.0     1.1 C     2.1    -2.9    -0.4
25630 202101  2.424 -160.4660   55.3473     1.6    -2.1    -0.2     0.1    86.9     1.5 C     1.6    -3.7    -0.7
25630 202102  2.424 -160.4660   55.3473     3.9     0.0     1.9     2.0   117.0     3.1 C     4.8    -0.9     1.7
25630 202103  2.424 -160.4660   55.3473     3.0    -2.5     0.2     0.3    70.7     7.9 C     5.8    -3.5     0.2
25630 202104  2.424 -160.4660   55.3473     5.5     0.6     3.1     2.9    95.0    11.0 C     9.1    -0.1     3.4
25630 202105  2.424 -160.4660   55.3473     7.2     3.3     5.2     5.1   115.0    10.6 C    10.5     2.6     5.8
25630 202106  2.424 -160.4660   55.3473    10.5     6.4     8.4     8.0   103.9    11.2 C    13.5     6.0     8.7
25630 202107  2.424 -160.4660   55.3473    14.3     8.5    11.4    10.9    36.4    16.0 C    17.3     8.1    11.7
25630 202108  2.424 -160.4660   55.3473    14.0     8.5    11.2    10.9    84.6    10.7 C    16.6     8.0    11.4
25630 202109  2.424 -160.4660   55.3473    11.4     6.5     8.9     8.6    86.8     8.6 C    13.6     5.7     8.8
25630 202110  2.424 -160.4660   55.3473     7.1     2.1     4.6     4.6   131.4     4.4 C     8.6     1.3     4.3
25630 202111  2.424 -160.4660   55.3473     0.2    -3.8    -1.8    -1.8    69.3     2.5 C     1.0    -4.9    -2.2
25630 202112  2.424 -160.4660   55.3473     3.3    -1.1     1.1     1.3 -9999.0     0.9 C     3.1    -1.8     0.8
25630 202201  2.424 -160.4660   55.3473     0.8    -3.0    -1.1    -0.9 -9999.0     1.9 C     1.2    -3.9    -1.3
25630 202202  2.424 -160.4660   55.3473     3.3    -0.9     1.2     1.1 -9999.0     2.8 C     4.1    -1.5     1.0
25630 202203  2.424 -160.4660   55.3473     2.2    -2.3     0.0    -0.2   134.6     8.2 C     4.8    -2.8     0.0
25630 202204  2.424 -160.4660   55.3473     4.5    -0.1     2.2     1.8    94.9    11.3 C     7.2    -0.8     2.2
25630 202205  2.424 -160.4660   55.3473     8.9     2.3     5.6     5.1    47.3    18.8 C    12.7     1.7     6.1
25630 202206  2.424 -160.4660   55.3473    13.0     6.3     9.6     9.2    57.2    18.7 C    16.1     5.9    10.2
25630 202207  2.424 -160.4660   55.3473    14.3     8.4    11.4    10.9    51.0    14.4 C    17.8     8.0    11.8
25630 202208  2.424 -160.4660   55.3473    13.9     8.5    11.2    10.9   162.1    10.5 C    16.7     8.1    11.4
25630 202209  2.424 -160.4660   55.3473    12.0     6.5     9.2     9.0   101.4     7.2 C    14.0     6.0     9.2
25630 202210  2.424 -160.4660   55.3473     8.3     3.5     5.9     5.8   151.2     4.5 C     9.8     2.9     5.8
25630 202211  2.424 -160.4660   55.3473     5.5     1.7     3.6     3.8   105.0     1.7 C     6.1     1.2     3.5
25630 202212  2.424 -160.4660   55.3473     4.1     0.5     2.3     2.4   167.4     0.8 C     4.2     0.1     2.1
25630 202301  2.424 -160.4660   55.3473     2.3    -1.7     0.3     0.6    59.5     1.8 C     3.6    -2.4     0.3
25630 202302  2.424 -160.4660   55.3473     2.6    -2.6     0.0     0.2   110.9     3.2 C     3.9    -3.2     0.1
25630 202303  2.424 -160.4660   55.3473     3.3    -1.5     0.9     0.7    38.2     8.4 C     5.9    -1.9     1.0
25630 202304  2.424 -160.4660   55.3473     3.6    -2.3     0.7     0.5    52.9    14.5 C     7.3    -2.7     1.3
25630 202305  2.424 -160.4660   55.3473     7.5     2.0     4.8     4.4   140.8    14.3 C    11.3     1.5     5.3
25630 202306  2.424 -160.4660   55.3473    10.1     5.6     7.8     7.4    93.3    11.8 C    13.0     5.5     8.3
25630 202307  2.424 -160.4660   55.3473 -9999.0 -9999.0 -9999.0 -9999.0 -9999.0 -9999.0 U -9999.0 -9999.0 -9999.0
